image: 210309inkcct.pgm
resolution: 0.050000
origin: [-30.000000, -50.800000, 0.000000]
negate: 0
occupied_thresh: 0.65
free_thresh: 0.196

