image: g-6.pgm
resolution: 0.050000
origin: [-61.600000, -125.600000, 0.000000]
negate: 0
occupied_thresh: 0.65
free_thresh: 0.196

