image: g2011-1.pgm
resolution: 0.050000
origin: [-148.400000, -89.200000, 0.000000]
negate: 0
occupied_thresh: 0.65
free_thresh: 0.196

