image: g203.pgm
resolution: 0.050000
origin: [-124.400000, -151.600000, 0.000000]
negate: 0
occupied_thresh: 0.65
free_thresh: 0.196

