image: gaisyu0910-2.pgm
resolution: 0.050000
origin: [-72.800000, -64.800000, 0.000000]
negate: 0
occupied_thresh: 0.65
free_thresh: 0.196

