image: kcctgaisyu0910.pgm
resolution: 0.050000
origin: [-60.000000, -32.800000, 0.000000]
negate: 0
occupied_thresh: 0.65
free_thresh: 0.196

