image: kcct_gaisyu2.pgm
resolution: 0.050000
origin: [-136.800000, -44.000000, 0.000000]
negate: 0
occupied_thresh: 0.65
free_thresh: 0.196

