image: kcct_gaisyu1.pgm
resolution: 0.050000
origin: [-236.000000, -20.000000, 0.000000]
negate: 0
occupied_thresh: 0.65
free_thresh: 0.196

