image: nec201114-7.pgm
resolution: 0.050000
origin: [-74.800000, -65.200000, 0.000000]
negate: 0
occupied_thresh: 0.65
free_thresh: 0.196

