image: nec201114-5.pgm
resolution: 0.050000
origin: [-98.800000, -153.200000, 0.000000]
negate: 0
occupied_thresh: 0.65
free_thresh: 0.196

