image: ougi2-1.pgm
resolution: 0.050000
origin: [-55.600000, -30.000000, 0.000000]
negate: 0
occupied_thresh: 0.65
free_thresh: 0.196

